139 1.0 0
1.000000e+01 9.963680e-01 3.579064e+00
1.050000e+01 9.963134e-01 3.592461e+00
1.100000e+01 9.962331e-01 3.611494e+00
1.150000e+01 9.961981e-01 3.620889e+00
1.200000e+01 9.961358e-01 3.636243e+00
1.250000e+01 9.960685e-01 3.652793e+00
1.300000e+01 9.959973e-01 3.670275e+00
1.350000e+01 9.959222e-01 3.688695e+00
1.400000e+01 9.958431e-01 3.708098e+00
1.450000e+01 9.957587e-01 3.728770e+00
1.500000e+01 9.956638e-01 3.751803e+00
1.550000e+01 9.955818e-01 3.772235e+00
1.600000e+01 9.954815e-01 3.796681e+00
1.650000e+01 9.953860e-01 3.820278e+00
1.700000e+01 9.952832e-01 3.845591e+00
1.750000e+01 9.951741e-01 3.872386e+00
1.800000e+01 9.950597e-01 3.900474e+00
1.850000e+01 9.949401e-01 3.929864e+00
1.900000e+01 9.948148e-01 3.960619e+00
1.950000e+01 9.946839e-01 3.992776e+00
2.000000e+01 9.945468e-01 4.026436e+00
2.050000e+01 9.944036e-01 4.061620e+00
2.100000e+01 9.942536e-01 4.098436e+00
2.150000e+01 9.940967e-01 4.136961e+00
2.200000e+01 9.939325e-01 4.177288e+00
2.250000e+01 9.937603e-01 4.219534e+00
2.300000e+01 9.935794e-01 4.263917e+00
2.350000e+01 9.933834e-01 4.311765e+00
2.400000e+01 9.931592e-01 4.365888e+00
2.450000e+01 9.929835e-01 4.410035e+00
2.500000e+01 9.927629e-01 4.464002e+00
2.550000e+01 9.925012e-01 4.527354e+00
2.600000e+01 9.923018e-01 4.577219e+00
2.650000e+01 9.920582e-01 4.637155e+00
2.700000e+01 9.917975e-01 4.701089e+00
2.750000e+01 9.915179e-01 4.769516e+00
2.800000e+01 9.912306e-01 4.839937e+00
2.850000e+01 9.909252e-01 4.914686e+00
2.900000e+01 9.904842e-01 5.019519e+00
2.950000e+01 9.902601e-01 5.077261e+00
3.000000e+01 9.896668e-01 5.215714e+00
3.050000e+01 9.893998e-01 5.284476e+00
3.100000e+01 9.891443e-01 5.350519e+00
3.150000e+01 9.887334e-01 5.451198e+00
3.200000e+01 9.882940e-01 5.558633e+00
3.250000e+01 9.878289e-01 5.672309e+00
3.300000e+01 9.873352e-01 5.792890e+00
3.350000e+01 9.868111e-01 5.920815e+00
3.400000e+01 9.862556e-01 6.056360e+00
3.450000e+01 9.856643e-01 6.200572e+00
3.500000e+01 9.850325e-01 6.354484e+00
3.550000e+01 9.843594e-01 6.518364e+00
3.600000e+01 9.833438e-01 6.758957e+00
3.650000e+01 9.828785e-01 6.878816e+00
3.700000e+01 9.820637e-01 7.077099e+00
3.750000e+01 9.811656e-01 7.294698e+00
3.800000e+01 9.801699e-01 7.534907e+00
3.850000e+01 9.792376e-01 7.763797e+00
3.900000e+01 9.781534e-01 8.027097e+00
3.950000e+01 9.769623e-01 8.315641e+00
4.000000e+01 9.757160e-01 8.618464e+00
4.050000e+01 9.743419e-01 8.951519e+00
4.100000e+01 9.728487e-01 9.313228e+00
4.150000e+01 9.712227e-01 9.706892e+00
4.200000e+01 9.694454e-01 1.013690e+01
4.250000e+01 9.674881e-01 1.060983e+01
4.300000e+01 9.653179e-01 1.113333e+01
4.350000e+01 9.629345e-01 1.170819e+01
4.400000e+01 9.604091e-01 1.232028e+01
4.450000e+01 9.575606e-01 1.300898e+01
4.500000e+01 9.543427e-01 1.378527e+01
4.550000e+01 9.508024e-01 1.464080e+01
4.600000e+01 9.467939e-01 1.560827e+01
4.650000e+01 9.422680e-01 1.670045e+01
4.700000e+01 9.371279e-01 1.794074e+01
4.750000e+01 9.312539e-01 1.935822e+01
4.800000e+01 9.244906e-01 2.099059e+01
4.850000e+01 9.166329e-01 2.288775e+01
4.900000e+01 9.074069e-01 2.511660e+01
4.950000e+01 8.964139e-01 2.777448e+01
5.000000e+01 8.829063e-01 3.104053e+01
5.050000e+01 8.663005e-01 3.507204e+01
5.100000e+01 8.439889e-01 4.049093e+01
5.150000e+01 8.102995e-01 4.867370e+01
5.200000e+01 7.666817e-01 5.928813e+01
5.250000e+01 6.988991e-01 7.583964e+01
5.300000e+01 5.964301e-01 1.009260e+02
5.350000e+01 4.545396e-01 1.359807e+02
5.400000e+01 2.878228e-01 1.780808e+02
5.450000e+01 1.363986e-01 2.181479e+02
5.500000e+01 4.230816e-02 2.456451e+02
5.550000e+01 6.724368e-03 2.588552e+02
5.600000e+01 2.569381e-04 2.635920e+02
5.650000e+01 7.183009e-06 2.652789e+02
5.700000e+01 1.400094e-08 2.661523e+02
5.750000e+01 2.184374e-08 2.667178e+02
5.800000e+01 1.579456e-08 2.671320e+02
5.850000e+01 3.750321e-13 2.674036e+02
5.900000e+01 7.219330e-11 2.674533e+02
5.950000e+01 1.937265e-12 2.675371e+02
6.000000e+01 5.655757e-11 2.676914e+02
6.050000e+01 8.488467e-16 2.677987e+02
6.100000e+01 2.302735e-11 2.677080e+02
6.150000e+01 1.131373e-09 2.676126e+02
6.200000e+01 9.154971e-10 2.675053e+02
6.250000e+01 7.543744e-15 2.672314e+02
6.300000e+01 1.394104e-11 2.663897e+02
6.350000e+01 4.050082e-05 2.647706e+02
6.400000e+01 2.412140e-03 2.614650e+02
6.450000e+01 2.498196e-02 2.518126e+02
6.500000e+01 1.031488e-01 2.282910e+02
6.550000e+01 2.410112e-01 1.913025e+02
6.600000e+01 3.996279e-01 1.506703e+02
6.650000e+01 5.399245e-01 1.154965e+02
6.700000e+01 6.456930e-01 8.924829e+01
6.750000e+01 7.188502e-01 7.118655e+01
6.800000e+01 7.694749e-01 5.876968e+01
6.850000e+01 8.043155e-01 5.024510e+01
6.900000e+01 8.298118e-01 4.403446e+01
6.950000e+01 8.492170e-01 3.932285e+01
7.000000e+01 8.647837e-01 3.555506e+01
7.050000e+01 8.775816e-01 3.246337e+01
7.100000e+01 8.883438e-01 2.986777e+01
7.150000e+01 8.975079e-01 2.766009e+01
7.200000e+01 9.054473e-01 2.575033e+01
7.250000e+01 9.123210e-01 2.409771e+01
7.300000e+01 9.183813e-01 2.264256e+01
7.350000e+01 9.237071e-01 2.136434e+01
7.400000e+01 9.284173e-01 2.023436e+01
7.450000e+01 9.326133e-01 1.922834e+01
7.500000e+01 9.363124e-01 1.834014e+01
7.550000e+01 9.395941e-01 1.755081e+01
7.600000e+01 9.426868e-01 1.681211e+01
7.650000e+01 9.424076e-01 1.681393e+01
7.700000e+01 9.480268e-01 1.553634e+01
7.750000e+01 9.500359e-01 1.504953e+01
7.800000e+01 9.525173e-01 1.446703e+01
7.850000e+01 9.544789e-01 1.400049e+01
7.900000e+01 9.559481e-01 1.364742e+01
7.950000e+01 9.578813e-01 1.319040e+01
8.000000e+01 9.593706e-01 1.283604e+01
8.050000e+01 9.607417e-01 1.251002e+01
8.100000e+01 9.619997e-01 1.221100e+01
8.150000e+01 9.631733e-01 1.193258e+01
8.200000e+01 9.642577e-01 1.167555e+01
8.250000e+01 9.652591e-01 1.143838e+01
8.300000e+01 9.661862e-01 1.121906e+01
8.350000e+01 9.670454e-01 1.101605e+01
8.400000e+01 9.678424e-01 1.082800e+01
8.450000e+01 9.685832e-01 1.065353e+01
8.500000e+01 9.692688e-01 1.049229e+01
8.550000e+01 9.699060e-01 1.034275e+01
8.600000e+01 9.704978e-01 1.020414e+01
8.650000e+01 9.710442e-01 1.007642e+01
8.700000e+01 9.715524e-01 9.958000e+00
8.750000e+01 9.720226e-01 9.848734e+00
8.800000e+01 9.724550e-01 9.748562e+00
8.850000e+01 9.728494e-01 9.657448e+00
8.900000e+01 9.732238e-01 9.571469e+00
8.950000e+01 9.735610e-01 9.494317e+00
9.000000e+01 9.738471e-01 9.429458e+00
9.050000e+01 9.741447e-01 9.361901e+00
9.100000e+01 9.743825e-01 9.308558e+00
9.150000e+01 9.746243e-01 9.254807e+00
9.200000e+01 9.748205e-01 9.211699e+00
9.250000e+01 9.749858e-01 9.175908e+00
9.300000e+01 9.751030e-01 9.151077e+00
9.350000e+01 9.750281e-01 9.167588e+00
9.400000e+01 9.725428e-01 9.715128e+00
9.450000e+01 9.753057e-01 9.112822e+00
9.500000e+01 9.754567e-01 9.083458e+00
9.550000e+01 9.754046e-01 9.098165e+00
9.600000e+01 9.746867e-01 9.255630e+00
9.650000e+01 9.749527e-01 9.203523e+00
9.700000e+01 9.754416e-01 9.105688e+00
9.750000e+01 9.754446e-01 9.111940e+00
9.800000e+01 9.753511e-01 9.139627e+00
9.850000e+01 9.752654e-01 9.166209e+00
9.900000e+01 9.750862e-01 9.214094e+00
9.950000e+01 9.748576e-01 9.273684e+00
1.000000e+02 9.745252e-01 9.356251e+00
1.005000e+02 9.733955e-01 9.615214e+00
1.010000e+02 9.738168e-01 9.532242e+00
1.015000e+02 9.724220e-01 9.842145e+00
1.020000e+02 9.722279e-01 9.898157e+00
1.025000e+02 9.730032e-01 9.750042e+00
1.030000e+02 9.726786e-01 9.837392e+00
1.035000e+02 9.719995e-01 1.000239e+01
1.040000e+02 9.707572e-01 1.029005e+01
1.045000e+02 9.710155e-01 1.025705e+01
1.050000e+02 9.703621e-01 1.042247e+01
1.055000e+02 9.695648e-01 1.062116e+01
1.060000e+02 9.686501e-01 1.084782e+01
1.065000e+02 9.676057e-01 1.110549e+01
1.070000e+02 9.664172e-01 1.139775e+01
1.075000e+02 9.650525e-01 1.173201e+01
1.080000e+02 9.634491e-01 1.212279e+01
1.085000e+02 9.616759e-01 1.255505e+01
1.090000e+02 9.595190e-01 1.307659e+01
1.095000e+02 9.548427e-01 1.415214e+01
1.100000e+02 9.540323e-01 1.439708e+01
1.105000e+02 9.498234e-01 1.538451e+01
1.110000e+02 9.434833e-01 1.684312e+01
1.115000e+02 9.419106e-01 1.731449e+01
1.120000e+02 9.363119e-01 1.866486e+01
1.125000e+02 9.291389e-01 2.038358e+01
1.130000e+02 9.200625e-01 2.255281e+01
1.135000e+02 9.084939e-01 2.531449e+01
1.140000e+02 8.933386e-01 2.892721e+01
1.145000e+02 8.732220e-01 3.371891e+01
1.150000e+02 8.425356e-01 4.097062e+01
1.155000e+02 8.067881e-01 4.954765e+01
1.160000e+02 7.500649e-01 6.308587e+01
1.165000e+02 6.642036e-01 8.363492e+01
1.170000e+02 5.314695e-01 1.155960e+02
1.175000e+02 3.330611e-01 1.640508e+02
1.180000e+02 1.013723e-01 2.230476e+02
1.185000e+02 1.457897e-03 2.538134e+02
1.190000e+02 1.474633e-03 2.537650e+02
1.195000e+02 1.035776e-01 2.224090e+02
1.200000e+02 3.391626e-01 1.625271e+02
1.205000e+02 5.393283e-01 1.137121e+02
1.210000e+02 6.722325e-01 8.175304e+01
1.215000e+02 7.576478e-01 6.134106e+01
1.220000e+02 8.137920e-01 4.796652e+01
1.225000e+02 8.519638e-01 3.888804e+01
1.230000e+02 8.786821e-01 3.253478e+01
1.235000e+02 8.975304e-01 2.803910e+01
1.240000e+02 9.026313e-01 2.659716e+01
1.245000e+02 9.227653e-01 2.203377e+01
1.250000e+02 9.314493e-01 1.997358e+01
1.255000e+02 9.325642e-01 1.956614e+01
1.260000e+02 9.443889e-01 1.691427e+01
1.265000e+02 9.494922e-01 1.571693e+01
1.270000e+02 9.534840e-01 1.477305e+01
1.275000e+02 9.566198e-01 1.402733e+01
1.280000e+02 9.588416e-01 1.348906e+01
1.285000e+02 9.610289e-01 1.296777e+01
1.290000e+02 9.634887e-01 1.239773e+01
1.295000e+02 9.651684e-01 1.200093e+01
1.300000e+02 9.666141e-01 1.165924e+01
1.305000e+02 9.678393e-01 1.136978e+01
1.310000e+02 9.685025e-01 1.120797e+01
1.315000e+02 9.698418e-01 1.089849e+01
1.320000e+02 9.706571e-01 1.070737e+01
1.325000e+02 9.712795e-01 1.056047e+01
1.330000e+02 9.719856e-01 1.039766e+01
1.335000e+02 9.726269e-01 1.025003e+01
1.340000e+02 9.730596e-01 1.015110e+01
1.345000e+02 9.734557e-01 1.006177e+01
1.350000e+02 9.739803e-01 9.941204e+00
1.355000e+02 9.743239e-01 9.864100e+00
1.360000e+02 9.745919e-01 9.804391e+00
1.365000e+02 9.746687e-01 9.786929e+00
1.370000e+02 9.741723e-01 9.895815e+00
1.375000e+02 9.753135e-01 9.648422e+00
1.380000e+02 9.755706e-01 9.594277e+00
1.385000e+02 9.757578e-01 9.555878e+00
1.390000e+02 9.758787e-01 9.532798e+00
1.395000e+02 9.760331e-01 9.502527e+00
1.400000e+02 9.759005e-01 9.538865e+00
1.405000e+02 9.761583e-01 9.483887e+00
1.410000e+02 9.761153e-01 9.498198e+00
1.415000e+02 9.757650e-01 9.578939e+00
1.420000e+02 9.703285e-01 1.076144e+01
1.425000e+02 9.741404e-01 9.940001e+00
1.430000e+02 9.761228e-01 9.519402e+00
1.435000e+02 9.764239e-01 9.460682e+00
1.440000e+02 9.764404e-01 9.463977e+00
1.445000e+02 9.760974e-01 9.544658e+00
1.450000e+02 9.709366e-01 1.069241e+01
1.455000e+02 9.763828e-01 9.497685e+00
1.460000e+02 9.765774e-01 9.463475e+00
1.465000e+02 9.766626e-01 9.452657e+00
1.470000e+02 9.766613e-01 9.461169e+00
1.475000e+02 9.766217e-01 9.478382e+00
1.480000e+02 9.765071e-01 9.512283e+00
1.485000e+02 9.758250e-01 9.669815e+00
1.490000e+02 9.757778e-01 9.690221e+00
1.495000e+02 9.761981e-01 9.610474e+00
1.500000e+02 9.759466e-01 9.677607e+00
1.505000e+02 9.752026e-01 9.847414e+00
1.510000e+02 9.752141e-01 9.854680e+00
1.515000e+02 9.758764e-01 9.720427e+00
1.520000e+02 9.760258e-01 9.695428e+00
1.525000e+02 9.761198e-01 9.681036e+00
1.530000e+02 9.760630e-01 9.701904e+00
1.535000e+02 9.757547e-01 9.777747e+00
1.540000e+02 9.683379e-01 1.144669e+01
1.545000e+02 9.756836e-01 9.811772e+00
1.550000e+02 9.758941e-01 9.775958e+00
1.555000e+02 9.758770e-01 9.789581e+00
1.560000e+02 9.755764e-01 9.866210e+00
1.565000e+02 9.756076e-01 9.871103e+00
1.570000e+02 9.756886e-01 9.861395e+00
1.575000e+02 9.756315e-01 9.883965e+00
1.580000e+02 9.755628e-01 9.909441e+00
1.585000e+02 9.753731e-01 9.962646e+00
1.590000e+02 9.753911e-01 9.968215e+00
1.595000e+02 9.752794e-01 1.000370e+01
1.600000e+02 9.752047e-01 1.003062e+01
1.605000e+02 9.751213e-01 1.005974e+01
1.610000e+02 9.750232e-01 1.009228e+01
1.615000e+02 9.749308e-01 1.012337e+01
1.620000e+02 9.748240e-01 1.015790e+01
1.625000e+02 9.747055e-01 1.019507e+01
1.630000e+02 9.745667e-01 1.023681e+01
1.635000e+02 9.743968e-01 1.028543e+01
1.640000e+02 9.741361e-01 1.035398e+01
1.645000e+02 9.734030e-01 1.052439e+01
1.650000e+02 9.623501e-01 1.299897e+01
1.655000e+02 9.698619e-01 1.131260e+01
1.660000e+02 9.680554e-01 1.171707e+01
1.665000e+02 9.729635e-01 1.066768e+01
1.670000e+02 9.733680e-01 1.059130e+01
1.675000e+02 9.714759e-01 1.102413e+01
1.680000e+02 9.733221e-01 1.062429e+01
1.685000e+02 9.733797e-01 1.062382e+01
1.690000e+02 9.728528e-01 1.075567e+01
1.695000e+02 9.732137e-01 1.068395e+01
1.700000e+02 9.729859e-01 1.074744e+01
1.705000e+02 9.730113e-01 1.075237e+01
1.710000e+02 9.728615e-01 1.079748e+01
1.715000e+02 9.725336e-01 1.088242e+01
1.720000e+02 9.726350e-01 1.087181e+01
1.725000e+02 9.724866e-01 1.091697e+01
1.730000e+02 9.722480e-01 1.098196e+01
1.735000e+02 9.676908e-01 1.204151e+01
1.740000e+02 9.718516e-01 1.109663e+01
1.745000e+02 9.715473e-01 1.117903e+01
1.750000e+02 9.704421e-01 1.143664e+01
1.755000e+02 9.649682e-01 1.266544e+01
1.760000e+02 9.689509e-01 1.178248e+01
1.765000e+02 9.705043e-01 1.146331e+01
1.770000e+02 9.709372e-01 1.137695e+01
1.775000e+02 9.710652e-01 1.135753e+01
1.780000e+02 9.710553e-01 1.136988e+01
1.785000e+02 9.708982e-01 1.141579e+01
1.790000e+02 9.709099e-01 1.142443e+01
1.795000e+02 9.708064e-01 1.145916e+01
1.800000e+02 9.691933e-01 1.185809e+01
1.805000e+02 9.705663e-01 1.153655e+01
1.810000e+02 9.703941e-01 1.158729e+01
1.815000e+02 9.702899e-01 1.162246e+01
1.820000e+02 9.700925e-01 1.167858e+01
1.825000e+02 9.699389e-01 1.172513e+01
1.830000e+02 9.697146e-01 1.178723e+01
1.835000e+02 9.692443e-01 1.190257e+01
1.840000e+02 9.671612e-01 1.236536e+01
1.845000e+02 9.568617e-01 1.461534e+01
1.850000e+02 9.674862e-01 1.232273e+01
1.855000e+02 9.679400e-01 1.224488e+01
1.860000e+02 9.689032e-01 1.204328e+01
1.865000e+02 9.688649e-01 1.206506e+01
1.870000e+02 9.687320e-01 1.210709e+01
1.875000e+02 9.686740e-01 1.213276e+01
1.880000e+02 9.684883e-01 1.218673e+01
1.885000e+02 9.684487e-01 1.220863e+01
1.890000e+02 9.682581e-01 1.226405e+01
1.895000e+02 9.681753e-01 1.229525e+01
1.900000e+02 9.680352e-01 1.233941e+01
1.905000e+02 9.677426e-01 1.241766e+01
1.910000e+02 9.677388e-01 1.243137e+01
1.915000e+02 9.675803e-01 1.247966e+01
1.920000e+02 9.673892e-01 1.253520e+01
1.925000e+02 9.671625e-01 1.259847e+01
1.930000e+02 9.665404e-01 1.274708e+01
1.935000e+02 9.648895e-01 1.312131e+01
1.940000e+02 9.664051e-01 1.280562e+01
1.945000e+02 9.660086e-01 1.290599e+01
1.950000e+02 9.640568e-01 1.333917e+01
1.955000e+02 9.363984e-01 1.937774e+01
1.960000e+02 9.638698e-01 1.340896e+01
1.965000e+02 9.654750e-01 1.307880e+01
1.970000e+02 9.656641e-01 1.305231e+01
1.975000e+02 9.655289e-01 1.309701e+01
1.980000e+02 9.652361e-01 1.317976e+01
1.985000e+02 9.652809e-01 1.318087e+01
1.990000e+02 9.648668e-01 1.328735e+01
1.995000e+02 9.636122e-01 1.358021e+01
2.000000e+02 9.641495e-01 1.348172e+01
2.005000e+02 9.631274e-01 1.372246e+01
2.010000e+02 9.588224e-01 1.467154e+01
2.015000e+02 9.628401e-01 1.381434e+01
2.020000e+02 9.636581e-01 1.364546e+01
2.025000e+02 9.638812e-01 1.360540e+01
2.030000e+02 9.638943e-01 1.361303e+01
2.035000e+02 9.631741e-01 1.378618e+01
2.040000e+02 9.637003e-01 1.368095e+01
2.045000e+02 9.636374e-01 1.370725e+01
2.050000e+02 9.634683e-01 1.375790e+01
2.055000e+02 9.631901e-01 1.383353e+01
2.060000e+02 9.618787e-01 1.413241e+01
2.065000e+02 9.623860e-01 1.404304e+01
2.070000e+02 9.627542e-01 1.397029e+01
2.075000e+02 9.621876e-01 1.411193e+01
2.080000e+02 9.618036e-01 1.420389e+01
2.085000e+02 9.540411e-01 1.589665e+01
2.090000e+02 9.600684e-01 1.460511e+01
2.095000e+02 9.611822e-01 1.438815e+01
2.100000e+02 9.614938e-01 1.433159e+01
2.105000e+02 9.597058e-01 1.473506e+01
2.110000e+02 9.596092e-01 1.476711e+01
2.115000e+02 9.612239e-01 1.443436e+01
2.120000e+02 9.612410e-01 1.444597e+01
2.125000e+02 9.611198e-01 1.448727e+01
2.130000e+02 9.609445e-01 1.454037e+01
2.135000e+02 9.607375e-01 1.460025e+01
2.140000e+02 9.604360e-01 1.468061e+01
2.145000e+02 9.594891e-01 1.489862e+01
2.150000e+02 9.378950e-01 1.967265e+01
2.155000e+02 9.593785e-01 1.495512e+01
2.160000e+02 9.594751e-01 1.495464e+01
2.165000e+02 9.597909e-01 1.489623e+01
2.170000e+02 9.596760e-01 1.493633e+01
2.175000e+02 9.592121e-01 1.505713e+01
2.180000e+02 9.592479e-01 1.506003e+01
2.185000e+02 9.591805e-01 1.508967e+01
2.190000e+02 9.590296e-01 1.513785e+01
2.195000e+02 9.588494e-01 1.519236e+01
2.200000e+02 9.586154e-01 1.525933e+01
2.205000e+02 9.585142e-01 1.529628e+01
2.210000e+02 9.583345e-01 1.535100e+01
2.215000e+02 9.581409e-01 1.540890e+01
2.220000e+02 9.579556e-01 1.546521e+01
2.225000e+02 9.577162e-01 1.553365e+01
2.230000e+02 9.574965e-01 1.559818e+01
2.235000e+02 9.572327e-01 1.567281e+01
2.240000e+02 9.569000e-01 1.576367e+01
2.245000e+02 9.564760e-01 1.587584e+01
2.250000e+02 9.556773e-01 1.607262e+01
2.255000e+02 9.543597e-01 1.637985e+01
2.260000e+02 9.419262e-01 1.909109e+01
2.265000e+02 9.529703e-01 1.671135e+01
2.270000e+02 9.546579e-01 1.636099e+01
2.275000e+02 9.551366e-01 1.626561e+01
2.280000e+02 9.552188e-01 1.625872e+01
2.285000e+02 9.551168e-01 1.629418e+01
2.290000e+02 9.547963e-01 1.637866e+01
2.295000e+02 9.510758e-01 1.720909e+01
2.300000e+02 9.537897e-01 1.663126e+01
2.305000e+02 9.525227e-01 1.692060e+01
2.310000e+02 9.485330e-01 1.778881e+01
2.315000e+02 9.457548e-01 1.840448e+01
2.320000e+02 9.516074e-01 1.719089e+01
2.325000e+02 9.511971e-01 1.731505e+01
2.330000e+02 9.490422e-01 1.783734e+01
2.335000e+02 9.425748e-01 1.930203e+01
2.340000e+02 9.191356e-01 2.422427e+01
2.345000e+02 9.437559e-01 1.907164e+01
2.350000e+02 9.475650e-01 1.820531e+01
2.355000e+02 9.389758e-01 2.000600e+01
2.360000e+02 9.435412e-01 1.903300e+01
2.365000e+02 9.484153e-01 1.800601e+01
2.370000e+02 9.312640e-01 2.167490e+01
2.375000e+02 9.457380e-01 1.859684e+01
2.380000e+02 9.494124e-01 1.783670e+01
2.385000e+02 9.469649e-01 1.838578e+01
2.390000e+02 9.173610e-01 2.475768e+01
2.395000e+02 9.439318e-01 1.906554e+01
2.400000e+02 9.455116e-01 1.875660e+01
2.405000e+02 9.479049e-01 1.826046e+01
2.410000e+02 9.489364e-01 1.804197e+01
2.415000e+02 9.484101e-01 1.816540e+01
2.420000e+02 9.435891e-01 1.919438e+01
2.425000e+02 9.346532e-01 2.111269e+01
2.430000e+02 9.447020e-01 1.899453e+01
2.435000e+02 8.868739e-01 3.155448e+01
2.440000e+02 9.440726e-01 1.916276e+01
2.445000e+02 9.476534e-01 1.841396e+01
2.450000e+02 9.486270e-01 1.822390e+01
2.455000e+02 9.487391e-01 1.821633e+01
2.460000e+02 9.485645e-01 1.827083e+01
2.465000e+02 9.465141e-01 1.875376e+01
2.470000e+02 9.475992e-01 1.851353e+01
2.475000e+02 9.451647e-01 1.904989e+01
2.480000e+02 9.332898e-01 2.159204e+01
2.485000e+02 9.412527e-01 1.991790e+01
2.490000e+02 9.444381e-01 1.926529e+01
2.495000e+02 9.378961e-01 2.066611e+01
2.500000e+02 8.658811e-01 3.629864e+01
2.505000e+02 9.412066e-01 2.002785e+01
2.510000e+02 9.406002e-01 2.017287e+01
2.515000e+02 9.418195e-01 1.993535e+01
2.520000e+02 9.444025e-01 1.940070e+01
2.525000e+02 9.450335e-01 1.927216e+01
2.530000e+02 9.456193e-01 1.915282e+01
2.535000e+02 9.457236e-01 1.914191e+01
2.540000e+02 9.456868e-01 1.916327e+01
2.545000e+02 9.455797e-01 1.920125e+01
2.550000e+02 9.454850e-01 1.923735e+01
2.555000e+02 9.453794e-01 1.927596e+01
2.560000e+02 9.451306e-01 1.934612e+01
2.565000e+02 9.447953e-01 1.943655e+01
2.570000e+02 9.445369e-01 1.950756e+01
2.575000e+02 9.440120e-01 1.963705e+01
2.580000e+02 9.418303e-01 2.011815e+01
2.585000e+02 9.340656e-01 2.177640e+01
2.590000e+02 9.376637e-01 2.102985e+01
2.595000e+02 9.425426e-01 2.002087e+01
2.600000e+02 9.431181e-01 1.991538e+01
2.605000e+02 9.431781e-01 1.991956e+01
2.610000e+02 9.430065e-01 1.997357e+01
2.615000e+02 9.428372e-01 2.002766e+01
2.620000e+02 9.424046e-01 2.013841e+01
2.625000e+02 9.411479e-01 2.042500e+01
2.630000e+02 9.372169e-01 2.128247e+01
2.635000e+02 9.306233e-01 2.269255e+01
2.640000e+02 9.352858e-01 2.172158e+01
2.645000e+02 9.400400e-01 2.073093e+01
2.650000e+02 9.344188e-01 2.196982e+01
2.655000e+02 9.407276e-01 2.061933e+01
2.660000e+02 9.406879e-01 2.064584e+01
2.665000e+02 9.400080e-01 2.080724e+01
2.670000e+02 9.350663e-01 2.186768e+01
2.675000e+02 9.336710e-01 2.218138e+01
2.680000e+02 9.393745e-01 2.099549e+01
2.685000e+02 9.396896e-01 2.094841e+01
2.690000e+02 9.398027e-01 2.094174e+01
2.695000e+02 9.396835e-01 2.098531e+01
2.700000e+02 9.394940e-01 2.104383e+01
2.705000e+02 9.391444e-01 2.113772e+01
2.710000e+02 9.385251e-01 2.128945e+01
2.715000e+02 9.385686e-01 2.129745e+01
2.720000e+02 9.377718e-01 2.148811e+01
2.725000e+02 9.364525e-01 2.178433e+01
2.730000e+02 8.890495e-01 3.204410e+01
2.735000e+02 9.347456e-01 2.218570e+01
2.740000e+02 9.350950e-01 2.213542e+01
2.745000e+02 8.873528e-01 3.268086e+01
2.750000e+02 9.346773e-01 2.227730e+01
2.755000e+02 9.344241e-01 2.236646e+01
2.760000e+02 9.314810e-01 2.301492e+01
2.765000e+02 9.284873e-01 2.365453e+01
2.770000e+02 9.241835e-01 2.463068e+01
2.775000e+02 9.342367e-01 2.247033e+01
2.780000e+02 9.349493e-01 2.232485e+01
2.785000e+02 9.340216e-01 2.254508e+01
2.790000e+02 9.346465e-01 2.241142e+01
2.795000e+02 9.096931e-01 2.799502e+01
2.800000e+02 9.328035e-01 2.283989e+01
2.805000e+02 9.346993e-01 2.245034e+01
2.810000e+02 9.314680e-01 2.321316e+01
2.815000e+02 9.337291e-01 2.269907e+01
2.820000e+02 9.338211e-01 2.269412e+01
2.825000e+02 9.334151e-01 2.279381e+01
2.830000e+02 9.315653e-01 2.320752e+01
2.835000e+02 9.334098e-01 2.283300e+01
2.840000e+02 9.332018e-01 2.289659e+01
2.845000e+02 9.327208e-01 2.301793e+01
2.850000e+02 9.320335e-01 2.318314e+01
2.855000e+02 9.298187e-01 2.366953e+01
2.860000e+02 8.964465e-01 3.076730e+01
2.865000e+02 9.216575e-01 2.542264e+01
2.870000e+02 9.299106e-01 2.370911e+01
2.875000e+02 9.307683e-01 2.354523e+01
2.880000e+02 9.303239e-01 2.365679e+01
2.885000e+02 9.272966e-01 2.430829e+01
2.890000e+02 8.451845e-01 4.209733e+01
2.895000e+02 9.279369e-01 2.421261e+01
2.900000e+02 9.296612e-01 2.387334e+01
2.905000e+02 9.299545e-01 2.382921e+01
2.910000e+02 9.230805e-01 2.536968e+01
2.915000e+02 9.295565e-01 2.395161e+01
2.920000e+02 9.294008e-01 2.400300e+01
2.925000e+02 9.282577e-01 2.426540e+01
2.930000e+02 9.195107e-01 2.612698e+01
2.935000e+02 9.161313e-01 2.691132e+01
2.940000e+02 9.277365e-01 2.443129e+01
2.945000e+02 9.282835e-01 2.433778e+01
2.950000e+02 9.282109e-01 2.437408e+01
2.955000e+02 9.278700e-01 2.446924e+01
2.960000e+02 9.275460e-01 2.456017e+01
2.965000e+02 9.270986e-01 2.468084e+01
2.970000e+02 9.261751e-01 2.490845e+01
2.975000e+02 9.248494e-01 2.523262e+01
2.980000e+02 9.212814e-01 2.604590e+01
2.985000e+02 9.036830e-01 2.976464e+01
2.990000e+02 9.209754e-01 2.615293e+01
2.995000e+02 9.206398e-01 2.625186e+01
3.000000e+02 9.230498e-01 2.571301e+01
3.005000e+02 9.188388e-01 2.662719e+01
3.010000e+02 9.167651e-01 2.709332e+01
3.015000e+02 9.023213e-01 3.010966e+01
3.020000e+02 8.995561e-01 3.072762e+01
3.025000e+02 9.186200e-01 2.673549e+01
3.030000e+02 9.087926e-01 2.880692e+01
3.035000e+02 9.182734e-01 2.681563e+01
3.040000e+02 9.221141e-01 2.603085e+01
3.045000e+02 9.215388e-01 2.617080e+01
3.050000e+02 9.202065e-01 2.647755e+01
3.055000e+02 9.227213e-01 2.595230e+01
3.060000e+02 9.230078e-01 2.590349e+01
3.065000e+02 9.230549e-01 2.590774e+01
3.070000e+02 9.229066e-01 2.595605e+01
3.075000e+02 9.224362e-01 2.607603e+01
3.080000e+02 9.225554e-01 2.606616e+01
3.085000e+02 9.219461e-01 2.621604e+01
3.090000e+02 9.219923e-01 2.622289e+01
3.095000e+02 9.215399e-01 2.633719e+01
3.100000e+02 9.126289e-01 2.827528e+01
3.105000e+02 9.209109e-01 2.650799e+01
3.110000e+02 9.211402e-01 2.647971e+01
3.115000e+02 9.209824e-01 2.653240e+01
3.120000e+02 9.207725e-01 2.659614e+01
3.125000e+02 9.204285e-01 2.668887e+01
3.130000e+02 9.201436e-01 2.676877e+01
3.135000e+02 9.198145e-01 2.685861e+01
3.140000e+02 9.189213e-01 2.707727e+01
3.145000e+02 9.190328e-01 2.706421e+01
3.150000e+02 9.180867e-01 2.728477e+01
3.155000e+02 9.145750e-01 2.804046e+01
3.160000e+02 8.959469e-01 3.198298e+01
3.165000e+02 9.003853e-01 3.105608e+01
3.170000e+02 9.139749e-01 2.822645e+01
3.175000e+02 9.162432e-01 2.777038e+01
3.180000e+02 9.170987e-01 2.761126e+01
3.185000e+02 9.169706e-01 2.765925e+01
3.190000e+02 9.165193e-01 2.777335e+01
3.195000e+02 9.146413e-01 2.818593e+01
3.200000e+02 7.509373e-01 6.492935e+01
3.205000e+02 9.142527e-01 2.830828e+01
3.210000e+02 9.156008e-01 2.804790e+01
3.215000e+02 9.156311e-01 2.806361e+01
3.220000e+02 9.128934e-01 2.871370e+01
3.225000e+02 9.152747e-01 2.817891e+01
3.230000e+02 9.149904e-01 2.826086e+01
3.235000e+02 9.143846e-01 2.841181e+01
3.240000e+02 9.140361e-01 2.850956e+01
3.245000e+02 9.135260e-01 2.864455e+01
3.250000e+02 9.125832e-01 2.887555e+01
3.255000e+02 9.109269e-01 2.926404e+01
3.260000e+02 9.068585e-01 3.016362e+01
3.265000e+02 8.884930e-01 3.402055e+01
3.270000e+02 8.557730e-01 4.095163e+01
3.275000e+02 9.049973e-01 3.059119e+01
3.280000e+02 9.050824e-01 3.058022e+01
3.285000e+02 9.103915e-01 2.947147e+01
3.290000e+02 9.111296e-01 2.932729e+01
3.295000e+02 9.112413e-01 2.931835e+01
3.300000e+02 9.111827e-01 2.934737e+01
3.305000e+02 9.109963e-01 2.940454e+01
3.310000e+02 9.105905e-01 2.950926e+01
3.315000e+02 9.099225e-01 2.966903e+01
3.320000e+02 9.081394e-01 3.006117e+01
3.325000e+02 8.942653e-01 3.296785e+01
3.330000e+02 8.897150e-01 3.396285e+01
3.335000e+02 9.074096e-01 3.027255e+01
3.340000e+02 9.085010e-01 3.006874e+01
3.345000e+02 9.087891e-01 3.002663e+01
3.350000e+02 9.073795e-01 3.034075e+01
3.355000e+02 9.067049e-01 3.050264e+01
3.360000e+02 9.082025e-01 3.021065e+01
3.365000e+02 9.083214e-01 3.020589e+01
3.370000e+02 9.081221e-01 3.026833e+01
3.375000e+02 9.077157e-01 3.037556e+01
3.380000e+02 9.076562e-01 3.040755e+01
3.385000e+02 9.073078e-01 3.050187e+01
3.390000e+02 9.070819e-01 3.057023e+01
3.395000e+02 9.068588e-01 3.063812e+01
3.400000e+02 9.065657e-01 3.072088e+01
3.405000e+02 9.062624e-01 3.080611e+01
3.410000e+02 9.059573e-01 3.089199e+01
3.415000e+02 9.056298e-01 3.098241e+01
3.420000e+02 9.050983e-01 3.111672e+01
3.425000e+02 9.044031e-01 3.128610e+01
3.430000e+02 9.005771e-01 3.210831e+01
3.435000e+02 8.867364e-01 3.525559e+01
3.440000e+02 9.029043e-01 3.167615e+01
3.445000e+02 9.022421e-01 3.184956e+01
3.450000e+02 8.964579e-01 3.309145e+01
3.455000e+02 9.006851e-01 3.222602e+01
3.460000e+02 9.008832e-01 3.219452e+01
3.465000e+02 9.018398e-01 3.201179e+01
3.470000e+02 9.018727e-01 3.202093e+01
3.475000e+02 9.017031e-01 3.207588e+01
3.480000e+02 9.013097e-01 3.218120e+01
3.485000e+02 9.009712e-01 3.227569e+01
3.490000e+02 9.001785e-01 3.247468e+01
3.495000e+02 8.993249e-01 3.267804e+01
3.500000e+02 8.985809e-01 3.286769e+01
3.505000e+02 8.972972e-01 3.317965e+01
3.510000e+02 8.942298e-01 3.387374e+01
3.515000e+02 8.852425e-01 3.575884e+01
3.520000e+02 8.816122e-01 3.654786e+01
3.525000e+02 8.628630e-01 4.047982e+01
3.530000e+02 8.841971e-01 3.602655e+01
3.535000e+02 8.940933e-01 3.397282e+01
3.540000e+02 8.952305e-01 3.374691e+01
3.545000e+02 8.940596e-01 3.400692e+01
3.550000e+02 8.297623e-01 4.806137e+01
3.555000e+02 8.930993e-01 3.425337e+01
3.560000e+02 8.932992e-01 3.424125e+01
3.565000e+02 8.925539e-01 3.442838e+01
3.570000e+02 8.918568e-01 3.459470e+01
3.575000e+02 8.733479e-01 3.849537e+01
3.580000e+02 8.802721e-01 3.706370e+01
3.585000e+02 8.768933e-01 3.778337e+01
3.590000e+02 8.497766e-01 4.346327e+01
3.595000e+02 8.738724e-01 3.850600e+01
3.600000e+02 8.848945e-01 3.624243e+01
3.605000e+02 8.877931e-01 3.567729e+01
3.610000e+02 8.871163e-01 3.586146e+01
3.615000e+02 8.826272e-01 3.684548e+01
3.620000e+02 8.835201e-01 3.671480e+01
3.625000e+02 8.823270e-01 3.703267e+01
3.630000e+02 8.787662e-01 3.785402e+01
3.635000e+02 8.331323e-01 4.777313e+01
3.640000e+02 8.656364e-01 4.078546e+01
3.645000e+02 7.393053e-01 6.765213e+01
3.650000e+02 8.565324e-01 4.305003e+01
3.655000e+02 8.492674e-01 4.487258e+01
3.660000e+02 8.326059e-01 4.879226e+01
3.665000e+02 7.995574e-01 5.638332e+01
3.670000e+02 7.447434e-01 6.905424e+01
3.675000e+02 6.420580e-01 9.280638e+01
3.680000e+02 4.030592e-01 1.465165e+02
3.685000e+02 2.707940e-03 2.315759e+02
3.690000e+02 4.011840e-01 1.469203e+02
3.695000e+02 6.422192e-01 9.283822e+01
3.700000e+02 7.498983e-01 6.813167e+01
3.705000e+02 8.013174e-01 5.620188e+01
3.710000e+02 7.459017e-01 6.762702e+01
3.715000e+02 8.451545e-01 4.598918e+01
3.720000e+02 8.569069e-01 4.329500e+01
3.725000e+02 8.639140e-01 4.167043e+01
3.730000e+02 8.668344e-01 4.097772e+01
3.735000e+02 8.714762e-01 3.991631e+01
3.740000e+02 8.734243e-01 3.946139e+01
3.745000e+02 8.734530e-01 3.942603e+01
3.750000e+02 8.580199e-01 4.260752e+01
3.755000e+02 8.682386e-01 4.049561e+01
3.760000e+02 8.653692e-01 4.118430e+01
3.765000e+02 8.662885e-01 4.094721e+01
3.770000e+02 8.670474e-01 4.078906e+01
3.775000e+02 8.735429e-01 3.945289e+01
3.780000e+02 8.696320e-01 4.022621e+01
3.785000e+02 8.627443e-01 4.165257e+01
3.790000e+02 8.765792e-01 3.877242e+01
3.795000e+02 8.795366e-01 3.816576e+01
3.800000e+02 8.802928e-01 3.801749e+01
3.805000e+02 8.806851e-01 3.794517e+01
3.810000e+02 8.807881e-01 3.793710e+01
3.815000e+02 8.807230e-01 3.796676e+01
3.820000e+02 8.800918e-01 3.811659e+01
3.825000e+02 8.805057e-01 3.804497e+01
3.830000e+02 8.803968e-01 3.808583e+01
3.835000e+02 8.801664e-01 3.815279e+01
3.840000e+02 8.800146e-01 3.820371e+01
3.845000e+02 8.795896e-01 3.831290e+01
3.850000e+02 8.793608e-01 3.838041e+01
3.855000e+02 8.789995e-01 3.847664e+01
3.860000e+02 8.784524e-01 3.861182e+01
3.865000e+02 8.770639e-01 3.892030e+01
3.870000e+02 8.637234e-01 4.172072e+01
3.875000e+02 8.677534e-01 4.089660e+01
3.880000e+02 8.761008e-01 3.919040e+01
3.885000e+02 8.769784e-01 3.902858e+01
3.890000e+02 8.767613e-01 3.909737e+01
3.895000e+02 8.767139e-01 3.912952e+01
3.900000e+02 8.763098e-01 3.923754e+01
3.905000e+02 8.759043e-01 3.934604e+01
3.910000e+02 8.754416e-01 3.946598e+01
3.915000e+02 8.738723e-01 3.982581e+01
3.920000e+02 8.724283e-01 4.014238e+01
3.925000e+02 8.506309e-01 4.468648e+01
3.930000e+02 8.671954e-01 4.126782e+01
3.935000e+02 8.722639e-01 4.025186e+01
3.940000e+02 8.726087e-01 4.020627e+01
3.945000e+02 8.722813e-01 4.029913e+01
3.950000e+02 8.641187e-01 4.205602e+01
3.955000e+02 8.709885e-01 4.062192e+01
3.960000e+02 8.698560e-01 4.088525e+01
3.965000e+02 8.156968e-01 5.256476e+01
3.970000e+02 8.414574e-01 4.707422e+01
3.975000e+02 8.684977e-01 4.125722e+01
3.980000e+02 8.684259e-01 4.130468e+01
3.985000e+02 8.676700e-01 4.149646e+01
3.990000e+02 8.661938e-01 4.184288e+01
3.995000e+02 8.627337e-01 4.261229e+01
4.000000e+02 8.266152e-01 5.025082e+01
139 10.0 0
1.000000e+01 9.957902e-01 3.728820e+00
1.050000e+01 9.956773e-01 3.757334e+00
1.100000e+01 9.955359e-01 3.792218e+00
1.150000e+01 9.954369e-01 3.818211e+00
1.200000e+01 9.953079e-01 3.850896e+00
1.250000e+01 9.951709e-01 3.885514e+00
1.300000e+01 9.950273e-01 3.921801e+00
1.350000e+01 9.948770e-01 3.959763e+00
1.400000e+01 9.947199e-01 3.999443e+00
1.450000e+01 9.945546e-01 4.041128e+00
1.500000e+01 9.943760e-01 4.085906e+00
1.550000e+01 9.942075e-01 4.128825e+00
1.600000e+01 9.940180e-01 4.176485e+00
1.650000e+01 9.938304e-01 4.224033e+00
1.700000e+01 9.936327e-01 4.274028e+00
1.750000e+01 9.934259e-01 4.326236e+00
1.800000e+01 9.932111e-01 4.380466e+00
1.850000e+01 9.929882e-01 4.436727e+00
1.900000e+01 9.927569e-01 4.495080e+00
1.950000e+01 9.925172e-01 4.555559e+00
2.000000e+01 9.922686e-01 4.618266e+00
2.050000e+01 9.920110e-01 4.683220e+00
2.100000e+01 9.917439e-01 4.750526e+00
2.150000e+01 9.914672e-01 4.820257e+00
2.200000e+01 9.911804e-01 4.892509e+00
2.250000e+01 9.908829e-01 4.967391e+00
2.300000e+01 9.905739e-01 5.045122e+00
2.350000e+01 9.902472e-01 5.127017e+00
2.400000e+01 9.898897e-01 5.215873e+00
2.450000e+01 9.895777e-01 5.295516e+00
2.500000e+01 9.892182e-01 5.385640e+00
2.550000e+01 9.888151e-01 5.485807e+00
2.600000e+01 9.884714e-01 5.573269e+00
2.650000e+01 9.880809e-01 5.671450e+00
2.700000e+01 9.876707e-01 5.774306e+00
2.750000e+01 9.872389e-01 5.882324e+00
2.800000e+01 9.867970e-01 5.993018e+00
2.850000e+01 9.863343e-01 6.108704e+00
2.900000e+01 9.857339e-01 6.254949e+00
2.950000e+01 9.853469e-01 6.355121e+00
3.000000e+01 9.845899e-01 6.536094e+00
3.050000e+01 9.841549e-01 6.648566e+00
3.100000e+01 9.837287e-01 6.759023e+00
3.150000e+01 9.831454e-01 6.904519e+00
3.200000e+01 9.825312e-01 7.057380e+00
3.250000e+01 9.818889e-01 7.217089e+00
3.300000e+01 9.812157e-01 7.384298e+00
3.350000e+01 9.805098e-01 7.559434e+00
3.400000e+01 9.797703e-01 7.742765e+00
3.450000e+01 9.789927e-01 7.935318e+00
3.500000e+01 9.781727e-01 8.138111e+00
3.550000e+01 9.773091e-01 8.351399e+00
3.600000e+01 9.761033e-01 8.641281e+00
3.650000e+01 9.754415e-01 8.812176e+00
3.700000e+01 9.744305e-01 9.061339e+00
3.750000e+01 9.733346e-01 9.330207e+00
3.800000e+01 9.721399e-01 9.622025e+00
3.850000e+01 9.710060e-01 9.903192e+00
3.900000e+01 9.697194e-01 1.021896e+01
3.950000e+01 9.683250e-01 1.056023e+01
4.000000e+01 9.668739e-01 1.091613e+01
4.050000e+01 9.652946e-01 1.130242e+01
4.100000e+01 9.635956e-01 1.171751e+01
4.150000e+01 9.617636e-01 1.216465e+01
4.200000e+01 9.597804e-01 1.264812e+01
4.250000e+01 9.576177e-01 1.317440e+01
4.300000e+01 9.552434e-01 1.375099e+01
4.350000e+01 9.526573e-01 1.437862e+01
4.400000e+01 9.499302e-01 1.504327e+01
4.450000e+01 9.468831e-01 1.578378e+01
4.500000e+01 9.434709e-01 1.661091e+01
4.550000e+01 9.397404e-01 1.751631e+01
4.600000e+01 9.355481e-01 1.853214e+01
4.650000e+01 9.308460e-01 1.967087e+01
4.700000e+01 9.255395e-01 2.095542e+01
4.750000e+01 9.195110e-01 2.241426e+01
4.800000e+01 9.126086e-01 2.408432e+01
4.850000e+01 9.046313e-01 2.601448e+01
4.900000e+01 8.953108e-01 2.827025e+01
4.950000e+01 8.842565e-01 3.094700e+01
5.000000e+01 8.707349e-01 3.422045e+01
5.050000e+01 8.541769e-01 3.824415e+01
5.100000e+01 8.320211e-01 4.362878e+01
5.150000e+01 7.986931e-01 5.172706e+01
5.200000e+01 7.556468e-01 6.220514e+01
5.250000e+01 6.888830e-01 7.850963e+01
5.300000e+01 5.880546e-01 1.031943e+02
5.350000e+01 4.484599e-01 1.376789e+02
5.400000e+01 2.843393e-01 1.791167e+02
5.450000e+01 1.350466e-01 2.186088e+02
5.500000e+01 4.203392e-02 2.457765e+02
5.550000e+01 6.714677e-03 2.588714e+02
5.600000e+01 2.583243e-04 2.635820e+02
5.650000e+01 7.270970e-06 2.652620e+02
5.700000e+01 1.425627e-08 2.661333e+02
5.750000e+01 2.236432e-08 2.666984e+02
5.800000e+01 1.625677e-08 2.671128e+02
5.850000e+01 3.884880e-13 2.673849e+02
5.900000e+01 7.475441e-11 2.674349e+02
5.950000e+01 2.009604e-12 2.675190e+02
6.000000e+01 5.881776e-11 2.676736e+02
6.050000e+01 8.866616e-16 2.677814e+02
6.100000e+01 2.392809e-11 2.676906e+02
6.150000e+01 1.171466e-09 2.675953e+02
6.200000e+01 9.458569e-10 2.674882e+02
6.250000e+01 7.764253e-15 2.672148e+02
6.300000e+01 1.416386e-11 2.663755e+02
6.350000e+01 4.067374e-05 2.647666e+02
6.400000e+01 2.401386e-03 2.614925e+02
6.450000e+01 2.470619e-02 2.519690e+02
6.500000e+01 1.015253e-01 2.288668e+02
6.550000e+01 2.364388e-01 1.926805e+02
6.600000e+01 3.911702e-01 1.530520e+02
6.650000e+01 5.276851e-01 1.188332e+02
6.700000e+01 6.303635e-01 9.335775e+01
6.750000e+01 7.012037e-01 7.587379e+01
6.800000e+01 7.500850e-01 6.389068e+01
6.850000e+01 7.835972e-01 5.569740e+01
6.900000e+01 8.080151e-01 4.975613e+01
6.950000e+01 8.265049e-01 4.527377e+01
7.000000e+01 8.412579e-01 4.171031e+01
7.050000e+01 8.533141e-01 3.880543e+01
7.100000e+01 8.633867e-01 3.638402e+01
7.150000e+01 8.719017e-01 3.434082e+01
7.200000e+01 8.792223e-01 3.258828e+01
7.250000e+01 8.855036e-01 3.108665e+01
7.300000e+01 8.909907e-01 2.977792e+01
7.350000e+01 8.957608e-01 2.864203e+01
7.400000e+01 8.999295e-01 2.765106e+01
7.450000e+01 9.035957e-01 2.678139e+01
7.500000e+01 9.067763e-01 2.602697e+01
7.550000e+01 9.095487e-01 2.536937e+01
7.600000e+01 9.121340e-01 2.476190e+01
7.650000e+01 9.114543e-01 2.487025e+01
7.700000e+01 9.164755e-01 2.374516e+01
7.750000e+01 9.180017e-01 2.338414e+01
7.800000e+01 9.199807e-01 2.293206e+01
7.850000e+01 9.214539e-01 2.259276e+01
7.900000e+01 9.224484e-01 2.236363e+01
7.950000e+01 9.238871e-01 2.203564e+01
8.000000e+01 9.248942e-01 2.180731e+01
8.050000e+01 9.257840e-01 2.160718e+01
8.100000e+01 9.265616e-01 2.143391e+01
8.150000e+01 9.272547e-01 2.128134e+01
8.200000e+01 9.278587e-01 2.115019e+01
8.250000e+01 9.283798e-01 2.103896e+01
8.300000e+01 9.288263e-01 2.094569e+01
8.350000e+01 9.292045e-01 2.086888e+01
8.400000e+01 9.295200e-01 2.080722e+01
8.450000e+01 9.297784e-01 2.075936e+01
8.500000e+01 9.299809e-01 2.072495e+01
8.550000e+01 9.301341e-01 2.070249e+01
8.600000e+01 9.302410e-01 2.069124e+01
8.650000e+01 9.303014e-01 2.069114e+01
8.700000e+01 9.303224e-01 2.070065e+01
8.750000e+01 9.303043e-01 2.071962e+01
8.800000e+01 9.302472e-01 2.074797e+01
8.850000e+01 9.301511e-01 2.078564e+01
8.900000e+01 9.300331e-01 2.082892e+01
8.950000e+01 9.298769e-01 2.088127e+01
9.000000e+01 9.296692e-01 2.094593e+01
9.050000e+01 9.294699e-01 2.100877e+01
9.100000e+01 9.292110e-01 2.108569e+01
9.150000e+01 9.289533e-01 2.116293e+01
9.200000e+01 9.286496e-01 2.125086e+01
9.250000e+01 9.283139e-01 2.134633e+01
9.300000e+01 9.279299e-01 2.145273e+01
9.350000e+01 9.273607e-01 2.159848e+01
9.400000e+01 9.244979e-01 2.224186e+01
9.450000e+01 9.266218e-01 2.180972e+01
9.500000e+01 9.262601e-01 2.191448e+01
9.550000e+01 9.257032e-01 2.206100e+01
9.600000e+01 9.245126e-01 2.234119e+01
9.650000e+01 9.242532e-01 2.242655e+01
9.700000e+01 9.242024e-01 2.247005e+01
9.750000e+01 9.236886e-01 2.261109e+01
9.800000e+01 9.230812e-01 2.277265e+01
9.850000e+01 9.224790e-01 2.293374e+01
9.900000e+01 9.217863e-01 2.311517e+01
9.950000e+01 9.210448e-01 2.330798e+01
1.000000e+02 9.202034e-01 2.352261e+01
1.005000e+02 9.186073e-01 2.390138e+01
1.010000e+02 9.184727e-01 2.396371e+01
1.015000e+02 9.166236e-01 2.439057e+01
1.020000e+02 9.159049e-01 2.458264e+01
1.025000e+02 9.160971e-01 2.458635e+01
1.030000e+02 9.152513e-01 2.480851e+01
1.035000e+02 9.140704e-01 2.510289e+01
1.040000e+02 9.123588e-01 2.551108e+01
1.045000e+02 9.120560e-01 2.562330e+01
1.050000e+02 9.108951e-01 2.591931e+01
1.055000e+02 9.095979e-01 2.624642e+01
1.060000e+02 9.081897e-01 2.659973e+01
1.065000e+02 9.066590e-01 2.698201e+01
1.070000e+02 9.049927e-01 2.739654e+01
1.075000e+02 9.031613e-01 2.785014e+01
1.080000e+02 9.011064e-01 2.835620e+01
1.085000e+02 8.988933e-01 2.890079e+01
1.090000e+02 8.963224e-01 2.952805e+01
1.095000e+02 8.914009e-01 3.066775e+01
1.100000e+02 8.900908e-01 3.103930e+01
1.105000e+02 8.856124e-01 3.209756e+01
1.110000e+02 8.791528e-01 3.359194e+01
1.115000e+02 8.771407e-01 3.417189e+01
1.120000e+02 8.713847e-01 3.556498e+01
1.125000e+02 8.641736e-01 3.729824e+01
1.130000e+02 8.552053e-01 3.944738e+01
1.135000e+02 8.439383e-01 4.214323e+01
1.140000e+02 8.293641e-01 4.562434e+01
1.145000e+02 8.102177e-01 5.019286e+01
1.150000e+02 7.813137e-01 5.703304e+01
1.155000e+02 7.477853e-01 6.508878e+01
1.160000e+02 6.949143e-01 7.772156e+01
1.165000e+02 6.151946e-01 9.681872e+01
1.170000e+02 4.922598e-01 1.264441e+02
1.175000e+02 3.086834e-01 1.713094e+02
1.180000e+02 9.413783e-02 2.259829e+02
1.185000e+02 1.359174e-03 2.545892e+02
1.190000e+02 1.373794e-03 2.545512e+02
1.195000e+02 9.598300e-02 2.254704e+02
1.200000e+02 3.132476e-01 1.702196e+02
1.205000e+02 4.971290e-01 1.253637e+02
1.210000e+02 6.187847e-01 9.610858e+01
1.215000e+02 6.966537e-01 7.750672e+01
1.220000e+02 7.475769e-01 6.538790e+01
1.225000e+02 7.819714e-01 5.722346e+01
1.230000e+02 8.058396e-01 5.156612e+01
1.235000e+02 8.224793e-01 4.761653e+01
1.240000e+02 8.265185e-01 4.646197e+01
1.245000e+02 8.443150e-01 4.246300e+01
1.250000e+02 8.516210e-01 4.075267e+01
1.255000e+02 8.520038e-01 4.054720e+01
1.260000e+02 8.621644e-01 3.830828e+01
1.265000e+02 8.661784e-01 3.739267e+01
1.270000e+02 8.691728e-01 3.670907e+01
1.275000e+02 8.713822e-01 3.620655e+01
1.280000e+02 8.727549e-01 3.589248e+01
1.285000e+02 8.740925e-01 3.559536e+01
1.290000e+02 8.756739e-01 3.525656e+01
1.295000e+02 8.765422e-01 3.507421e+01
1.300000e+02 8.771945e-01 3.494236e+01
1.305000e+02 8.776435e-01 3.485822e+01
1.310000e+02 8.775801e-01 3.488827e+01
1.315000e+02 8.781262e-01 3.478873e+01
1.320000e+02 8.781947e-01 3.479486e+01
1.325000e+02 8.780861e-01 3.484086e+01
1.330000e+02 8.780504e-01 3.487373e+01
1.335000e+02 8.779534e-01 3.492082e+01
1.340000e+02 8.776656e-01 3.501138e+01
1.345000e+02 8.773423e-01 3.511105e+01
1.350000e+02 8.771324e-01 3.518419e+01
1.355000e+02 8.767570e-01 3.529596e+01
1.360000e+02 8.763113e-01 3.542354e+01
1.365000e+02 8.756914e-01 3.558841e+01
1.370000e+02 8.745551e-01 3.586343e+01
1.375000e+02 8.748864e-01 3.583011e+01
1.380000e+02 8.744219e-01 3.596502e+01
1.385000e+02 8.738925e-01 3.611413e+01
1.390000e+02 8.733015e-01 3.627704e+01
1.395000e+02 8.727385e-01 3.643431e+01
1.400000e+02 8.719169e-01 3.664940e+01
1.405000e+02 8.714421e-01 3.678653e+01
1.410000e+02 8.706967e-01 3.698368e+01
1.415000e+02 8.696756e-01 3.723825e+01
1.420000e+02 8.641235e-01 3.844121e+01
1.425000e+02 8.668069e-01 3.791964e+01
1.430000e+02 8.678563e-01 3.774629e+01
1.435000e+02 8.674073e-01 3.788357e+01
1.440000e+02 8.667033e-01 3.807429e+01
1.445000e+02 8.656786e-01 3.833135e+01
1.450000e+02 8.603833e-01 3.950056e+01
1.455000e+02 8.644851e-01 3.866960e+01
1.460000e+02 8.639312e-01 3.883045e+01
1.465000e+02 8.632783e-01 3.901168e+01
1.470000e+02 8.625472e-01 3.920976e+01
1.475000e+02 8.617804e-01 3.941566e+01
1.480000e+02 8.609456e-01 3.963611e+01
1.485000e+02 8.596094e-01 3.996130e+01
1.490000e+02 8.588312e-01 4.017111e+01
1.495000e+02 8.584624e-01 4.029700e+01
1.500000e+02 8.575010e-01 4.054706e+01
1.505000e+02 8.561058e-01 4.088388e+01
1.510000e+02 8.553723e-01 4.108438e+01
1.515000e+02 8.552067e-01 4.116663e+01
1.520000e+02 8.545893e-01 4.134122e+01
1.525000e+02 8.539216e-01 4.152519e+01
1.530000e+02 8.531201e-01 4.173911e+01
1.535000e+02 8.520974e-01 4.199936e+01
1.540000e+02 8.448713e-01 4.359849e+01
1.545000e+02 8.505237e-01 4.242282e+01
1.550000e+02 8.499485e-01 4.259122e+01
1.555000e+02 8.491732e-01 4.280126e+01
1.560000e+02 8.481497e-01 4.306408e+01
1.565000e+02 8.474131e-01 4.326770e+01
1.570000e+02 8.467180e-01 4.345966e+01
1.575000e+02 8.459012e-01 4.367883e+01
1.580000e+02 8.450727e-01 4.390082e+01
1.585000e+02 8.441379e-01 4.414614e+01
1.590000e+02 8.433812e-01 4.435250e+01
1.595000e+02 8.425108e-01 4.458397e+01
1.600000e+02 8.416706e-01 4.480878e+01
1.605000e+02 8.408215e-01 4.503579e+01
1.610000e+02 8.399580e-01 4.526602e+01
1.615000e+02 8.390980e-01 4.549545e+01
1.620000e+02 8.382240e-01 4.572809e+01
1.625000e+02 8.373384e-01 4.596329e+01
1.630000e+02 8.364339e-01 4.620261e+01
1.635000e+02 8.355013e-01 4.644794e+01
1.640000e+02 8.344895e-01 4.670994e+01
1.645000e+02 8.330722e-01 4.705563e+01
1.650000e+02 8.228307e-01 4.930360e+01
1.655000e+02 8.284638e-01 4.811498e+01
1.660000e+02 8.261307e-01 4.865406e+01
1.665000e+02 8.295237e-01 4.800119e+01
1.670000e+02 8.290710e-01 4.814710e+01
1.675000e+02 8.266618e-01 4.870831e+01
1.680000e+02 8.274320e-01 4.859157e+01
1.685000e+02 8.266786e-01 4.880062e+01
1.690000e+02 8.254275e-01 4.911739e+01
1.695000e+02 8.249283e-01 4.926946e+01
1.700000e+02 8.239283e-01 4.953146e+01
1.705000e+02 8.231413e-01 4.974645e+01
1.710000e+02 8.222047e-01 4.999429e+01
1.715000e+02 8.211163e-01 5.027459e+01
1.720000e+02 8.203890e-01 5.047815e+01
1.725000e+02 8.194495e-01 5.072704e+01
1.730000e+02 8.184328e-01 5.099221e+01
1.735000e+02 8.137833e-01 5.206039e+01
1.740000e+02 8.164640e-01 5.151113e+01
1.745000e+02 8.153889e-01 5.179117e+01
1.750000e+02 8.136414e-01 5.221213e+01
1.755000e+02 8.082354e-01 5.341675e+01
1.760000e+02 8.107493e-01 5.291873e+01
1.765000e+02 8.112235e-01 5.287783e+01
1.770000e+02 8.107579e-01 5.302445e+01
1.775000e+02 8.100359e-01 5.322507e+01
1.780000e+02 8.091974e-01 5.345141e+01
1.785000e+02 8.082350e-01 5.370482e+01
1.790000e+02 8.074119e-01 5.392889e+01
1.795000e+02 8.064915e-01 5.417406e+01
1.800000e+02 8.043171e-01 5.470897e+01
1.805000e+02 8.046195e-01 5.467164e+01
1.810000e+02 8.036386e-01 5.493043e+01
1.815000e+02 8.027127e-01 5.517720e+01
1.820000e+02 8.017085e-01 5.544086e+01
1.825000e+02 8.007394e-01 5.569723e+01
1.830000e+02 7.997107e-01 5.596616e+01
1.835000e+02 7.984785e-01 5.627737e+01
1.840000e+02 7.959184e-01 5.686310e+01
1.845000e+02 7.866060e-01 5.887118e+01
1.850000e+02 7.944929e-01 5.727065e+01
1.855000e+02 7.940167e-01 5.743055e+01
1.860000e+02 7.939557e-01 5.749389e+01
1.865000e+02 7.930718e-01 5.773314e+01
1.870000e+02 7.921093e-01 5.798857e+01
1.875000e+02 7.912068e-01 5.823149e+01
1.880000e+02 7.901988e-01 5.849683e+01
1.885000e+02 7.893090e-01 5.873740e+01
1.890000e+02 7.882948e-01 5.900442e+01
1.895000e+02 7.873674e-01 5.925283e+01
1.900000e+02 7.863921e-01 5.951162e+01
1.905000e+02 7.852922e-01 5.979717e+01
1.910000e+02 7.844254e-01 6.003283e+01
1.915000e+02 7.834321e-01 6.029564e+01
1.920000e+02 7.824114e-01 6.056431e+01
1.925000e+02 7.813610e-01 6.083922e+01
1.930000e+02 7.799905e-01 6.118038e+01
1.935000e+02 7.777907e-01 6.169636e+01
1.940000e+02 7.781421e-01 6.167871e+01
1.945000e+02 7.769517e-01 6.198315e+01
1.950000e+02 7.745112e-01 6.254468e+01
1.955000e+02 7.514438e-01 6.749071e+01
1.960000e+02 7.726162e-01 6.305304e+01
1.965000e+02 7.730271e-01 6.302680e+01
1.970000e+02 7.723014e-01 6.323485e+01
1.975000e+02 7.713151e-01 6.349782e+01
1.980000e+02 7.702020e-01 6.379018e+01
1.985000e+02 7.693574e-01 6.402027e+01
1.990000e+02 7.681462e-01 6.433116e+01
1.995000e+02 7.662663e-01 6.478458e+01
2.000000e+02 7.658111e-01 6.493915e+01
2.005000e+02 7.641168e-01 6.535284e+01
2.010000e+02 7.598213e-01 6.630814e+01
2.015000e+02 7.621190e-01 6.588367e+01
2.020000e+02 7.618782e-01 6.598624e+01
2.025000e+02 7.611651e-01 6.618722e+01
2.030000e+02 7.602851e-01 6.642470e+01
2.035000e+02 7.588264e-01 6.678769e+01
2.040000e+02 7.583487e-01 6.694025e+01
2.045000e+02 7.574059e-01 6.719260e+01
2.050000e+02 7.563788e-01 6.746354e+01
2.055000e+02 7.552652e-01 6.775351e+01
2.060000e+02 7.533419e-01 6.821170e+01
2.065000e+02 7.528427e-01 6.837770e+01
2.070000e+02 7.522327e-01 6.855669e+01
2.075000e+02 7.508913e-01 6.889687e+01
2.080000e+02 7.496923e-01 6.919990e+01
2.085000e+02 7.427486e-01 7.070660e+01
2.090000e+02 7.465412e-01 6.996899e+01
2.095000e+02 7.465052e-01 7.004126e+01
2.100000e+02 7.458439e-01 7.023404e+01
2.105000e+02 7.435542e-01 7.077016e+01
2.110000e+02 7.425756e-01 7.102922e+01
2.115000e+02 7.429188e-01 7.101714e+01
2.120000e+02 7.420247e-01 7.126179e+01
2.125000e+02 7.410229e-01 7.152869e+01
2.130000e+02 7.399786e-01 7.180454e+01
2.135000e+02 7.389092e-01 7.208556e+01
2.140000e+02 7.377667e-01 7.238189e+01
2.145000e+02 7.361285e-01 7.277998e+01
2.150000e+02 7.186700e-01 7.657223e+01
2.155000e+02 7.342192e-01 7.329621e+01
2.160000e+02 7.333794e-01 7.353349e+01
2.165000e+02 7.327057e-01 7.372849e+01
2.170000e+02 7.317020e-01 7.399612e+01
2.175000e+02 7.304319e-01 7.432308e+01
2.180000e+02 7.295417e-01 7.456377e+01
2.185000e+02 7.285721e-01 7.482426e+01
2.190000e+02 7.275383e-01 7.509848e+01
2.195000e+02 7.264817e-01 7.537747e+01
2.200000e+02 7.253838e-01 7.566569e+01
2.205000e+02 7.243857e-01 7.593218e+01
2.210000e+02 7.233277e-01 7.621176e+01
2.215000e+02 7.222587e-01 7.649379e+01
2.220000e+02 7.211953e-01 7.677480e+01
2.225000e+02 7.200908e-01 7.706473e+01
2.230000e+02 7.190007e-01 7.735193e+01
2.235000e+02 7.178771e-01 7.764654e+01
2.240000e+02 7.167016e-01 7.795296e+01
2.245000e+02 7.154577e-01 7.827481e+01
2.250000e+02 7.139342e-01 7.865765e+01
2.255000e+02 7.120245e-01 7.911998e+01
2.260000e+02 7.018341e-01 8.132194e+01
2.265000e+02 7.091358e-01 7.984065e+01
2.270000e+02 7.094613e-01 7.983033e+01
2.275000e+02 7.088857e-01 8.000382e+01
2.280000e+02 7.080147e-01 8.024100e+01
2.285000e+02 7.070066e-01 8.050863e+01
2.290000e+02 7.058366e-01 8.081137e+01
2.295000e+02 7.021565e-01 8.164646e+01
2.300000e+02 7.032269e-01 8.147655e+01
2.305000e+02 7.013603e-01 8.192513e+01
2.310000e+02 6.974789e-01 8.278955e+01
2.315000e+02 6.944909e-01 8.347493e+01
2.320000e+02 6.978372e-01 8.285827e+01
2.325000e+02 6.965854e-01 8.319378e+01
2.330000e+02 6.940598e-01 8.381124e+01
2.335000e+02 6.883917e-01 8.509759e+01
2.340000e+02 6.703563e-01 8.885849e+01
2.345000e+02 6.873560e-01 8.542684e+01
2.350000e+02 6.891704e-01 8.506189e+01
2.355000e+02 6.819748e-01 8.658212e+01
2.360000e+02 6.843382e-01 8.614120e+01
2.365000e+02 6.869160e-01 8.566668e+01
2.370000e+02 6.735534e-01 8.850063e+01
2.375000e+02 6.830664e-01 8.657820e+01
2.380000e+02 6.847606e-01 8.629530e+01
2.385000e+02 6.820375e-01 8.692796e+01
2.390000e+02 6.597876e-01 9.165730e+01
2.395000e+02 6.779427e-01 8.790021e+01
2.400000e+02 6.781190e-01 8.793380e+01
2.405000e+02 6.788726e-01 8.783865e+01
2.410000e+02 6.786464e-01 8.793749e+01
2.415000e+02 6.773054e-01 8.827336e+01
2.420000e+02 6.729025e-01 8.923561e+01
2.425000e+02 6.655786e-01 9.081577e+01
2.430000e+02 6.717722e-01 8.959715e+01
2.435000e+02 6.297469e-01 9.860986e+01
2.440000e+02 6.693993e-01 9.021350e+01
2.445000e+02 6.709710e-01 8.994986e+01
2.450000e+02 6.706915e-01 9.007119e+01
2.455000e+02 6.698010e-01 9.031778e+01
2.460000e+02 6.687076e-01 9.060692e+01
2.465000e+02 6.662935e-01 9.118810e+01
2.470000e+02 6.660870e-01 9.127636e+01
2.475000e+02 6.634071e-01 9.189328e+01
2.480000e+02 6.541153e-01 9.387893e+01
2.485000e+02 6.587306e-01 9.298671e+01
2.490000e+02 6.599905e-01 9.279506e+01
2.495000e+02 6.544557e-01 9.399708e+01
2.500000e+02 6.033148e-01 1.049806e+02
2.505000e+02 6.548320e-01 9.406653e+01
2.510000e+02 6.534433e-01 9.441600e+01
2.515000e+02 6.533203e-01 9.450754e+01
2.520000e+02 6.541375e-01 9.440030e+01
2.525000e+02 6.535990e-01 9.456697e+01
2.530000e+02 6.530278e-01 9.474025e+01
2.535000e+02 6.521232e-01 9.498637e+01
2.540000e+02 6.511207e-01 9.525417e+01
2.545000e+02 6.500696e-01 9.553314e+01
2.550000e+02 6.490268e-01 9.581093e+01
2.555000e+02 6.479762e-01 9.609045e+01
2.560000e+02 6.468274e-01 9.639095e+01
2.565000e+02 6.456194e-01 9.670487e+01
2.570000e+02 6.444641e-01 9.700592e+01
2.575000e+02 6.431273e-01 9.734557e+01
2.580000e+02 6.406641e-01 9.791708e+01
2.585000e+02 6.344130e-01 9.926620e+01
2.590000e+02 6.358833e-01 9.902537e+01
2.595000e+02 6.382129e-01 9.861489e+01
2.600000e+02 6.376225e-01 9.879998e+01
2.605000e+02 6.366824e-01 9.905721e+01
2.610000e+02 6.355857e-01 9.934711e+01
2.615000e+02 6.344904e-01 9.963709e+01
2.620000e+02 6.332182e-01 9.996401e+01
2.625000e+02 6.313935e-01 1.004053e+02
2.630000e+02 6.277797e-01 1.012177e+02
2.635000e+02 6.223929e-01 1.023902e+02
2.640000e+02 6.245357e-01 1.020106e+02
2.645000e+02 6.267296e-01 1.016221e+02
2.650000e+02 6.220066e-01 1.026785e+02
2.655000e+02 6.252239e-01 1.020596e+02
2.660000e+02 6.242149e-01 1.023316e+02
2.665000e+02 6.227815e-01 1.026905e+02
2.670000e+02 6.185300e-01 1.036272e+02
2.675000e+02 6.166307e-01 1.040828e+02
2.680000e+02 6.194147e-01 1.035763e+02
2.685000e+02 6.186391e-01 1.038014e+02
2.690000e+02 6.177297e-01 1.040524e+02
2.695000e+02 6.166673e-01 1.043355e+02
2.700000e+02 6.155588e-01 1.046281e+02
2.705000e+02 6.143456e-01 1.049432e+02
2.710000e+02 6.129567e-01 1.052948e+02
2.715000e+02 6.120010e-01 1.055553e+02
2.720000e+02 6.104978e-01 1.059313e+02
2.725000e+02 6.086564e-01 1.063737e+02
2.730000e+02 5.769134e-01 1.131595e+02
2.735000e+02 6.055849e-01 1.071368e+02
2.740000e+02 6.048296e-01 1.073599e+02
2.745000e+02 5.730177e-01 1.142981e+02
2.750000e+02 6.025967e-01 1.079589e+02
2.755000e+02 6.014527e-01 1.082697e+02
2.760000e+02 5.985808e-01 1.089302e+02
2.765000e+02 5.956811e-01 1.095845e+02
2.770000e+02 5.919463e-01 1.104486e+02
2.775000e+02 5.974011e-01 1.093544e+02
2.780000e+02 5.968719e-01 1.095192e+02
2.785000e+02 5.952960e-01 1.099109e+02
2.790000e+02 5.947099e-01 1.100834e+02
2.795000e+02 5.778740e-01 1.138063e+02
2.800000e+02 5.915721e-01 1.108584e+02
2.805000e+02 5.917896e-01 1.108736e+02
2.810000e+02 5.887623e-01 1.115981e+02
2.815000e+02 5.892074e-01 1.115372e+02
2.820000e+02 5.882811e-01 1.117896e+02
2.825000e+02 5.870413e-01 1.121059e+02
2.830000e+02 5.848957e-01 1.126139e+02
2.835000e+02 5.850694e-01 1.126406e+02
2.840000e+02 5.839547e-01 1.129347e+02
2.845000e+02 5.826698e-01 1.132638e+02
2.850000e+02 5.812571e-01 1.136194e+02
2.855000e+02 5.788947e-01 1.141694e+02
2.860000e+02 5.571715e-01 1.187468e+02
2.865000e+02 5.718682e-01 1.157398e+02
2.870000e+02 5.760075e-01 1.149574e+02
2.875000e+02 5.755561e-01 1.151135e+02
2.880000e+02 5.742991e-01 1.154354e+02
2.885000e+02 5.714512e-01 1.160814e+02
2.890000e+02 5.199567e-01 1.271214e+02
2.895000e+02 5.698859e-01 1.165325e+02
2.900000e+02 5.699629e-01 1.165843e+02
2.905000e+02 5.691605e-01 1.168128e+02
2.910000e+02 5.639784e-01 1.179850e+02
2.915000e+02 5.669531e-01 1.173951e+02
2.920000e+02 5.658762e-01 1.176804e+02
2.925000e+02 5.641996e-01 1.180904e+02
2.930000e+02 5.579116e-01 1.194468e+02
2.935000e+02 5.548933e-01 1.201638e+02
2.940000e+02 5.609422e-01 1.189515e+02
2.945000e+02 5.602922e-01 1.191509e+02
2.950000e+02 5.592677e-01 1.194266e+02
2.955000e+02 5.580820e-01 1.197368e+02
2.960000e+02 5.569073e-01 1.200443e+02
2.965000e+02 5.556596e-01 1.203691e+02
2.970000e+02 5.541283e-01 1.207559e+02
2.975000e+02 5.523597e-01 1.211987e+02
2.980000e+02 5.492587e-01 1.219256e+02
2.985000e+02 5.378150e-01 1.243459e+02
2.990000e+02 5.471301e-01 1.224931e+02
2.995000e+02 5.459554e-01 1.228027e+02
3.000000e+02 5.464086e-01 1.227439e+02
3.005000e+02 5.429456e-01 1.235244e+02
3.010000e+02 5.407532e-01 1.240453e+02
3.015000e+02 5.312814e-01 1.260375e+02
3.020000e+02 5.287014e-01 1.266425e+02
3.025000e+02 5.389339e-01 1.245947e+02
3.030000e+02 5.322074e-01 1.260334e+02
3.035000e+02 5.367891e-01 1.251439e+02
3.040000e+02 5.380605e-01 1.249487e+02
3.045000e+02 5.367521e-01 1.252808e+02
3.050000e+02 5.350046e-01 1.257072e+02
3.055000e+02 5.354918e-01 1.256619e+02
3.060000e+02 5.346832e-01 1.258869e+02
3.065000e+02 5.337360e-01 1.261420e+02
3.070000e+02 5.326762e-01 1.264218e+02
3.075000e+02 5.314313e-01 1.267418e+02
3.080000e+02 5.305266e-01 1.269887e+02
3.085000e+02 5.292036e-01 1.273250e+02
3.090000e+02 5.282577e-01 1.275811e+02
3.095000e+02 5.270267e-01 1.278970e+02
3.100000e+02 5.209683e-01 1.292296e+02
3.105000e+02 5.247252e-01 1.284960e+02
3.110000e+02 5.238850e-01 1.287321e+02
3.115000e+02 5.228247e-01 1.290131e+02
3.120000e+02 5.217354e-01 1.293000e+02
3.125000e+02 5.205709e-01 1.296028e+02
3.130000e+02 5.194407e-01 1.298982e+02
3.135000e+02 5.182864e-01 1.301990e+02
3.140000e+02 5.168156e-01 1.305702e+02
3.145000e+02 5.159111e-01 1.308140e+02
3.150000e+02 5.144139e-01 1.311856e+02
3.155000e+02 5.114840e-01 1.318491e+02
3.160000e+02 5.001237e-01 1.342556e+02
3.165000e+02 5.016544e-01 1.339940e+02
3.170000e+02 5.082650e-01 1.326992e+02
3.175000e+02 5.085634e-01 1.327013e+02
3.180000e+02 5.080745e-01 1.328651e+02
3.185000e+02 5.070403e-01 1.331410e+02
3.190000e+02 5.058281e-01 1.334523e+02
3.195000e+02 5.038314e-01 1.339240e+02
3.200000e+02 4.128665e-01 1.541786e+02
3.205000e+02 5.016982e-01 1.344879e+02
3.210000e+02 5.014775e-01 1.345975e+02
3.215000e+02 5.005339e-01 1.348550e+02
3.220000e+02 4.980802e-01 1.354505e+02
3.225000e+02 4.984202e-01 1.354144e+02
3.230000e+02 4.973068e-01 1.357068e+02
3.235000e+02 4.960199e-01 1.360355e+02
3.240000e+02 4.948740e-01 1.363357e+02
3.245000e+02 4.936420e-01 1.366553e+02
3.250000e+02 4.921783e-01 1.370252e+02
3.255000e+02 4.903334e-01 1.374776e+02
3.260000e+02 4.871970e-01 1.381980e+02
3.265000e+02 4.764034e-01 1.404741e+02
3.270000e+02 4.579638e-01 1.443748e+02
3.275000e+02 4.833585e-01 1.391600e+02
3.280000e+02 4.824573e-01 1.393995e+02
3.285000e+02 4.843360e-01 1.390677e+02
3.290000e+02 4.837774e-01 1.392393e+02
3.295000e+02 4.828858e-01 1.394812e+02
3.300000e+02 4.819045e-01 1.397427e+02
3.305000e+02 4.808562e-01 1.400187e+02
3.310000e+02 4.796932e-01 1.403189e+02
3.315000e+02 4.783936e-01 1.406472e+02
3.320000e+02 4.765106e-01 1.410943e+02
3.325000e+02 4.683001e-01 1.428312e+02
3.330000e+02 4.649917e-01 1.435842e+02
3.335000e+02 4.732960e-01 1.419379e+02
3.340000e+02 4.729210e-01 1.420789e+02
3.345000e+02 4.721269e-01 1.423025e+02
3.350000e+02 4.704524e-01 1.427066e+02
3.355000e+02 4.691616e-01 1.430330e+02
3.360000e+02 4.689943e-01 1.431298e+02
3.365000e+02 4.681138e-01 1.433718e+02
3.370000e+02 4.670698e-01 1.436475e+02
3.375000e+02 4.659205e-01 1.439455e+02
3.380000e+02 4.649501e-01 1.442055e+02
3.385000e+02 4.638325e-01 1.444965e+02
3.390000e+02 4.627787e-01 1.447742e+02
3.395000e+02 4.617272e-01 1.450514e+02
3.400000e+02 4.606411e-01 1.453358e+02
3.405000e+02 4.595509e-01 1.456212e+02
3.410000e+02 4.584608e-01 1.459065e+02
3.415000e+02 4.573607e-01 1.461939e+02
3.420000e+02 4.561588e-01 1.465026e+02
3.425000e+02 4.548762e-01 1.468282e+02
3.430000e+02 4.520242e-01 1.474742e+02
3.435000e+02 4.441643e-01 1.492621e+02
3.440000e+02 4.513340e-01 1.477446e+02
3.445000e+02 4.500758e-01 1.480706e+02
3.450000e+02 4.462699e-01 1.489172e+02
3.455000e+02 4.474485e-01 1.487354e+02
3.460000e+02 4.466212e-01 1.489602e+02
3.465000e+02 4.461692e-01 1.491117e+02
3.470000e+02 4.452600e-01 1.493563e+02
3.475000e+02 4.442518e-01 1.496228e+02
3.480000e+02 4.431346e-01 1.499134e+02
3.485000e+02 4.420457e-01 1.501985e+02
3.490000e+02 4.407359e-01 1.505334e+02
3.495000e+02 4.393986e-01 1.508699e+02
3.500000e+02 4.381174e-01 1.511994e+02
3.505000e+02 4.365762e-01 1.515869e+02
3.510000e+02 4.341729e-01 1.521558e+02
3.515000e+02 4.289084e-01 1.532900e+02
3.520000e+02 4.262502e-01 1.539002e+02
3.525000e+02 4.163039e-01 1.560026e+02
3.530000e+02 4.256950e-01 1.541208e+02
3.535000e+02 4.295486e-01 1.533863e+02
3.540000e+02 4.291840e-01 1.535162e+02
3.545000e+02 4.277138e-01 1.538745e+02
3.550000e+02 3.961115e-01 1.607279e+02
3.555000e+02 4.254410e-01 1.544616e+02
3.560000e+02 4.246303e-01 1.546915e+02
3.565000e+02 4.233714e-01 1.550140e+02
3.570000e+02 4.221375e-01 1.553264e+02
3.575000e+02 4.124930e-01 1.573720e+02
3.580000e+02 4.148733e-01 1.569390e+02
3.585000e+02 4.123949e-01 1.575041e+02
3.590000e+02 3.987843e-01 1.603635e+02
3.595000e+02 4.092106e-01 1.582992e+02
3.600000e+02 4.134801e-01 1.574891e+02
3.605000e+02 4.139407e-01 1.574627e+02
3.610000e+02 4.127328e-01 1.577796e+02
3.615000e+02 4.097574e-01 1.584609e+02
3.620000e+02 4.092852e-01 1.586331e+02
3.625000e+02 4.078481e-01 1.590093e+02
3.630000e+02 4.053228e-01 1.596134e+02
3.635000e+02 3.834424e-01 1.643504e+02
3.640000e+02 3.975395e-01 1.614012e+02
3.645000e+02 3.387880e-01 1.738395e+02
3.650000e+02 3.916605e-01 1.628807e+02
3.655000e+02 3.875046e-01 1.639306e+02
3.660000e+02 3.790943e-01 1.659257e+02
3.665000e+02 3.632881e-01 1.695767e+02
3.670000e+02 3.377079e-01 1.755235e+02
3.675000e+02 2.906231e-01 1.864844e+02
3.680000e+02 1.821919e-01 2.109923e+02
3.685000e+02 1.222482e-03 2.495758e+02
3.690000e+02 1.805429e-01 2.114130e+02
3.695000e+02 2.881359e-01 1.871915e+02
3.700000e+02 3.355639e-01 1.762938e+02
3.705000e+02 3.577042e-01 1.711720e+02
3.710000e+02 3.321900e-01 1.764245e+02
3.715000e+02 3.755302e-01 1.670716e+02
3.720000e+02 3.798877e-01 1.661054e+02
3.725000e+02 3.821286e-01 1.656143e+02
3.730000e+02 3.825559e-01 1.655333e+02
3.735000e+02 3.837382e-01 1.652945e+02
3.740000e+02 3.837300e-01 1.653206e+02
3.745000e+02 3.828785e-01 1.655288e+02
3.750000e+02 3.752661e-01 1.671232e+02
3.755000e+02 3.788798e-01 1.664356e+02
3.760000e+02 3.767766e-01 1.669536e+02
3.765000e+02 3.763265e-01 1.670742e+02
3.770000e+02 3.758041e-01 1.672283e+02
3.775000e+02 3.777593e-01 1.668807e+02
3.780000e+02 3.752130e-01 1.674312e+02
3.785000e+02 3.713945e-01 1.682573e+02
3.790000e+02 3.764912e-01 1.672599e+02
3.795000e+02 3.769007e-01 1.672271e+02
3.800000e+02 3.763643e-01 1.673881e+02
3.805000e+02 3.756721e-01 1.675810e+02
3.810000e+02 3.748569e-01 1.678008e+02
3.815000e+02 3.739711e-01 1.680362e+02
3.820000e+02 3.728463e-01 1.683214e+02
3.825000e+02 3.721654e-01 1.685142e+02
3.830000e+02 3.712641e-01 1.687535e+02
3.835000e+02 3.703126e-01 1.690034e+02
3.840000e+02 3.693955e-01 1.692463e+02
3.845000e+02 3.683651e-01 1.695129e+02
3.850000e+02 3.674183e-01 1.697620e+02
3.855000e+02 3.664176e-01 1.700226e+02
3.860000e+02 3.653411e-01 1.702987e+02
3.865000e+02 3.639174e-01 1.706450e+02
3.870000e+02 3.575495e-01 1.720052e+02
3.875000e+02 3.583822e-01 1.718874e+02
3.880000e+02 3.609869e-01 1.714139e+02
3.885000e+02 3.605058e-01 1.715677e+02
3.890000e+02 3.595748e-01 1.718145e+02
3.895000e+02 3.587145e-01 1.720463e+02
3.900000e+02 3.577096e-01 1.723083e+02
3.905000e+02 3.567057e-01 1.725700e+02
3.910000e+02 3.556803e-01 1.728360e+02
3.915000e+02 3.542081e-01 1.731971e+02
3.920000e+02 3.527904e-01 1.735402e+02
3.925000e+02 3.431652e-01 1.755620e+02
3.930000e+02 3.490221e-01 1.744188e+02
3.935000e+02 3.502324e-01 1.742328e+02
3.940000e+02 3.495417e-01 1.744307e+02
3.945000e+02 3.485827e-01 1.746829e+02
3.950000e+02 3.445015e-01 1.755873e+02
3.955000e+02 3.464154e-01 1.752400e+02
3.960000e+02 3.451422e-01 1.755575e+02
3.965000e+02 3.228820e-01 1.803351e+02
3.970000e+02 3.322848e-01 1.783943e+02
3.975000e+02 3.421440e-01 1.763441e+02
3.980000e+02 3.412979e-01 1.765758e+02
3.985000e+02 3.401848e-01 1.768630e+02
3.990000e+02 3.387926e-01 1.772092e+02
3.995000e+02 3.366302e-01 1.777173e+02
4.000000e+02 3.217635e-01 1.808632e+02
