                              0              1              2              3   \
0                           TIME        TIMEWVR       HOT_TEMP       HOT_SETP   
1     2025-01-02T01:01:36.356480  93.5520019531   363.15411377  363.149993896   
2     2025-01-02T01:01:37.417590   94.608001709  363.155456543  363.149993896   
3     2025-01-02T01:01:38.377669  95.5680007935  363.149505615  363.149993896   
4     2025-01-02T01:01:39.338350  96.5279998779  363.151031494  363.149993896   
...                          ...            ...            ...            ...   
3434  2025-01-02T01:56:32.225021  3389.37597656  363.152282715  363.149993896   
3435  2025-01-02T01:56:33.187068   3390.3359375  363.147583008  363.149993896   
3436  2025-01-02T01:56:34.145914  3391.29589844  363.159088135  363.149993896   
3437  2025-01-02T01:56:35.105623  3392.25610352  363.165771484  363.149993896   
3438  2025-01-02T01:56:36.065059  3393.21606445  363.162994385  363.149993896   

             4              5              6          7          8   \
0       HOT_PWM      COLD_TEMP      COLD_SETP   COLD_PWM   CHOP_PWM   
1     31.640625   283.15020752  283.149993896    32.8125   8.203125   
2         31.25  283.148040771  283.149993896    32.8125    8.59375   
3     31.640625  283.148529053  283.149993896    32.8125   8.203125   
4     31.640625  283.149108887  283.149993896    32.8125   8.203125   
...         ...            ...            ...        ...        ...   
3434      31.25  283.150939941  283.149993896  33.203125   8.203125   
3435  31.640625  283.147521973  283.149993896    32.8125   8.203125   
3436  30.859375  283.148956299  283.149993896    32.8125   8.203125   
3437  30.859375   283.14541626  283.149993896    32.8125  11.328125   
3438  30.859375  283.148773193  283.149993896    32.8125   8.203125   

                    9   ...             15             16         17  \
0            CHOP_CURR  ...        CS_TEMP        CS_SETP     CS_PWM   
1      0.0253600832075  ...  304.228363037  304.149993896  34.765625   
2      0.0143644092605  ...  304.224090576  304.149993896     34.375   
3      0.0576079115272  ...  304.227020264  304.149993896     34.375   
4      0.0174048431218  ...  304.230682373  304.149993896  34.765625   
...                ...  ...            ...            ...        ...   
3434   0.0113773820922  ...  304.239349365  304.149993896  38.671875   
3435   0.0595281124115  ...  304.236877441  304.149993896  36.328125   
3436   0.0330410003662  ...  304.225646973  304.149993896     34.375   
3437   0.0497821345925  ...  304.222351074  304.149993896  33.203125   
3438  0.00812366046011  ...  304.231109619  304.149993896   35.15625   

                 18             19             20             21  \
0          LNA_TEMP          TSRC0          TSRC1          TSRC2   
1     307.326507568  160.418060303  91.0098342896   49.424785614   
2     307.339050293  160.545623779   91.131652832  49.5226249695   
3     307.325592041  160.711639404  91.2756958008  49.6804504395   
4     307.330963135  160.993896484  91.6512451172  49.8594665527   
...             ...            ...            ...            ...   
3434  307.328552246    152.3565979  85.1117782593  46.3984603882   
3435  307.315826416   152.30581665  85.2320175171  46.5031661987   
3436  307.337127686  152.415725708  85.2443618774  46.5496292114   
3437  307.349365234  152.319610596   85.141746521  46.3680915833   
3438  307.342224121  152.450317383  85.2296142578  46.5882644653   

                 22    23       24  
0             TSRC3    EL       AZ  
1     35.8448562622  55.0    2.625  
2     35.8536758423  55.0    14.25  
3      35.943195343  55.0    25.95  
4     36.2369613647  55.0    37.65  
...             ...   ...      ...  
3434  33.8798828125  55.0  39600.0  
3435  33.9549179077  55.0  39600.0  
3436   34.181388855  55.0  39600.0  
3437  34.1497917175  55.0  39600.0  
3438  34.1887130737  55.0  39600.0  

[3439 rows x 25 columns]
